              precision    recall  f1-score   support

        가지볶음      0.489     0.573     0.528       150
        간장게장      0.705     0.649     0.676       151
        갈비구이      0.476     0.333     0.392       150
         갈비찜      0.544     0.373     0.443       150
         갈비탕      0.591     0.347     0.437       150
        갈치구이      0.524     0.800     0.633       150
        갈치조림      0.311     0.342     0.326       152
        감자조림      0.500     0.728     0.593       151
       감자채볶음      0.619     0.933     0.745       150
         감자탕      0.431     0.411     0.420       151
         갓김치      0.647     0.587     0.615       150
       건새우볶음      0.620     0.447     0.519       150
          경단      0.812     0.807     0.809       150
         계란국      0.516     0.762     0.615       151
         계란찜      0.829     0.675     0.745       151
       고등어구이      0.610     0.627     0.618       150
       고등어조림      0.435     0.133     0.204       150
       고사리나물      0.868     0.787     0.825       150
    고추장진미채볶음      0.737     0.135     0.228       104
        고추튀김      0.661     0.513     0.578       152
      곰탕_설렁탕      0.609     0.536     0.570       151
        곱창구이      0.903     0.373     0.528       150
        곱창전골      0.656     0.140     0.231       150
         과메기      0.909     0.795     0.848       151
          김밥      0.912     0.755     0.826       151
       김치볶음밥      0.524     0.583     0.552       151
        김치찌개      0.270     0.457     0.339       151
         김치찜      0.484     0.490     0.487       151
         깍두기      0.637     0.680     0.658       150
       깻잎장아찌      0.686     0.695     0.691       151
         꼬막찜      0.849     0.664     0.745       152
        꽁치조림      0.285     0.457     0.351       151
      꽈리고추무침      0.475     0.742     0.579       151
          꿀떡      0.724     0.868     0.789       151
        나박김치      0.729     0.801     0.763       151
         누룽지      0.591     0.540     0.564       150
         닭갈비      0.554     0.580     0.567       150
         닭계장      0.400     0.318     0.354       151
        닭볶음탕      0.343     0.404     0.371       151
        더덕구이      0.540     0.407     0.464       150
       도라지무침      0.541     0.400     0.460       150
        도토리묵      0.526     0.609     0.564       151
        동태찌개      0.674     0.193     0.301       150
        된장찌개      0.503     0.510     0.507       151
        두부김치      0.874     0.647     0.743       150
        두부조림      0.474     0.307     0.372       150
        땅콩조림      0.865     0.894     0.879       151
         떡갈비      0.637     0.573     0.604       150
      떡국_만두국      0.490     0.483     0.487       151
         떡꼬치      0.891     0.745     0.812       165
         떡볶이      0.418     0.560     0.479       150
          라면      0.389     0.616     0.477       151
         라볶이      0.839     0.313     0.456       150
         막국수      0.673     0.453     0.542       150
          만두      0.676     0.653     0.664       150
         매운탕      0.407     0.245     0.306       151
          멍게      0.608     0.378     0.466       164
     메추리알장조림      0.712     0.834     0.768       151
        멸치볶음      0.542     0.636     0.585       151
          무국      0.513     0.667     0.580       150
         무생채      0.640     0.473     0.544       150
         물냉면      0.700     0.607     0.650       150
          물회      0.600     0.137     0.223       153
         미역국      0.824     0.808     0.816       151
      미역줄기볶음      0.809     0.733     0.769       150
        배추김치      0.743     0.560     0.639       150
         백김치      0.615     0.795     0.694       151
          보쌈      0.561     0.490     0.523       151
        부추김치      0.800     0.556     0.656       151
         북엇국      0.480     0.240     0.320       150
         불고기      0.291     0.320     0.305       150
        비빔냉면      0.416     0.623     0.499       151
         비빔밥      0.285     0.673     0.400       150
         산낙지      0.829     0.571     0.676       161
         삼겹살      0.418     0.680     0.518       150
         삼계탕      0.614     0.695     0.652       151
       새우볶음밥      0.740     0.740     0.740       150
        새우튀김      0.678     0.517     0.586       151
       소세지볶음      0.588     0.596     0.592       151
          송편      0.686     0.727     0.706       150
          수육      0.420     0.682     0.520       151
         수제비      0.207     0.570     0.304       151
        숙주나물      0.639     0.707     0.671       150
          순대      0.750     0.556     0.639       151
       순두부찌개      0.515     0.351     0.417       151
       시금치나물      0.880     0.833     0.856       150
        시래기국      0.560     0.373     0.448       150
          알밥      0.883     0.607     0.719       150
       애호박볶음      0.714     0.900     0.796       150
        양념게장      0.785     0.340     0.474       150
        양념치킨      0.590     0.700     0.640       150
        어묵볶음      0.382     0.470     0.421       151
        연근조림      0.889     0.907     0.898       150
        열무국수      0.411     0.503     0.452       151
        열무김치      0.459     0.567     0.507       150
       오이소박이      0.805     0.660     0.725       150
      오징어채볶음      0.373     0.710     0.489       162
       오징어튀김      0.628     0.391     0.482       151
        우엉조림      0.626     0.671     0.648       152
        유부초밥      0.827     0.607     0.700       150
         육개장      0.375     0.420     0.396       150
          육회      0.828     0.673     0.743       150
        잔치국수      0.468     0.536     0.500       151
         잡곡밥      0.734     0.773     0.753       150
          잡채      0.600     0.480     0.533       150
        장어구이      0.631     0.464     0.534       151
         장조림      0.592     0.592     0.592       152
         전복죽      0.784     0.653     0.713       150
          젓갈      0.592     0.580     0.586       150
        제육볶음      0.324     0.457     0.379       151
        조개구이      0.961     0.653     0.778       150
        조기구이      0.797     0.813     0.805       150
          족발      0.540     0.768     0.634       151
       주꾸미볶음      0.506     0.258     0.342       151
         주먹밥      0.759     0.567     0.649       150
         짜장면      0.690     0.854     0.763       151
          짬뽕      0.333     0.793     0.469       150
          쫄면      0.711     0.393     0.506       150
          찜닭      0.272     0.768     0.402       151
        총각김치      0.754     0.669     0.709       151
         추어탕      0.605     0.629     0.617       151
         칼국수      0.364     0.473     0.412       150
       코다리조림      0.320     0.318     0.319       170
         콩국수      0.675     0.760     0.715       150
        콩나물국      0.370     0.473     0.415       150
       콩나물무침      0.667     0.627     0.646       150
         콩자반      0.935     0.867     0.900       150
         파김치      0.676     0.613     0.643       150
          편육      0.545     0.240     0.333       150
          피자      0.821     0.914     0.865       151
         해물찜      0.820     0.543     0.653       151
         호박죽      0.892     0.933     0.912       150
        홍어무침      0.506     0.293     0.371       150
        황태구이      0.587     0.473     0.524       150
         회무침      0.585     0.250     0.350       152
      후라이드치킨      0.725     0.860     0.787       150
        훈제오리      0.515     0.447     0.479       150

    accuracy                          0.574     20643
   macro avg      0.611     0.573     0.572     20643
weighted avg      0.611     0.574     0.572     20643
